A : 
    0.8507    0.5277    0.0835    0.8627    0.1231    0.1239    0.1057    0.9844    0.4671    0.8985    0.1781    0.7455
    0.5606    0.4795    0.6260    0.4843    0.2055    0.4904    0.1420    0.8589    0.6482    0.1182    0.3596    0.7363
    0.9296    0.8013    0.6609    0.8449    0.1465    0.8530    0.1665    0.7856    0.0252    0.9884    0.0567    0.5619
    0.6967    0.2278    0.7298    0.2094    0.1891    0.8739    0.6210    0.5134    0.8422    0.5400    0.5219    0.1842
    0.5828    0.4981    0.8908    0.5523    0.0427    0.2703    0.5737    0.1776    0.5590    0.7069    0.3358    0.5972
    0.8154    0.9009    0.9823    0.6299    0.6352    0.2085    0.0521    0.3986    0.8541    0.9995    0.1757    0.2999
    0.8790    0.5747    0.7690    0.0320    0.2819    0.5650    0.9312    0.1339    0.3479    0.2878    0.2089    0.1341
    0.9889    0.8452    0.5814    0.6147    0.5386    0.6403    0.7287    0.0309    0.4460    0.4145    0.9052    0.2126
    0.0005    0.7386    0.9283    0.3624    0.6952    0.4170    0.7378    0.9391    0.0542    0.4648    0.6754    0.8949
    0.8654    0.5860    0.5801    0.0495    0.4991    0.2060    0.0634    0.3013    0.1771    0.7640    0.4685    0.0715
    0.6126    0.2467    0.0170    0.4896    0.5358    0.9479    0.8604    0.2955    0.6628    0.8182    0.9121    0.2425
    0.9900    0.6664    0.1209    0.1925    0.4452    0.0821    0.9344    0.3329    0.3308    0.1002    0.1040    0.0538

B : 
    0.4417    0.2982    0.3381    0.6925    0.8905    0.1175    0.3664    0.2290    0.1123    0.1875    0.0594    0.1088
    0.0133    0.0464    0.2940    0.5567    0.7990    0.6407    0.3692    0.6419    0.7844    0.2662    0.3158    0.6318
    0.8972    0.5054    0.7463    0.3965    0.7343    0.3288    0.6850    0.4845    0.2916    0.7978    0.7727    0.1265
    0.1967    0.7614    0.0103    0.0616    0.0513    0.6538    0.5979    0.1518    0.6035    0.4876    0.6964    0.1343
    0.0934    0.6311    0.0484    0.7802    0.0729    0.7491    0.7894    0.7819    0.9644    0.7690    0.1253    0.0986
    0.3074    0.0899    0.6679    0.3376    0.0885    0.5832    0.3677    0.1006    0.4325    0.3960    0.1302    0.1420
    0.4561    0.0809    0.6035    0.6079    0.7984    0.7400    0.2060    0.2941    0.6948    0.2729    0.0924    0.1683
    0.1017    0.7772    0.5261    0.7413    0.9430    0.2348    0.0867    0.2374    0.7581    0.0372    0.0078    0.1962
    0.9954    0.9051    0.7297    0.1048    0.6837    0.7350    0.7719    0.5309    0.4326    0.6733    0.4231    0.3175
    0.3321    0.5338    0.7073    0.1279    0.1321    0.9706    0.2057    0.0915    0.6555    0.4296    0.6556    0.3164
    0.2973    0.1092    0.7814    0.5495    0.7227    0.8669    0.3883    0.4053    0.1098    0.4517    0.7229    0.2176
    0.0620    0.8258    0.2880    0.4852    0.1104    0.0862    0.5518    0.1048    0.9338    0.6099    0.5312    0.2510

b : 
    0.4417    0.2982    0.3381    0.6925    0.8905    0.1175    0.3664    0.2290    0.1123    0.1875    0.0594    0.1088
    0.0133    0.0464    0.2940    0.5567    0.7990    0.6407    0.3692    0.6419    0.7844    0.2662    0.3158    0.6318
    0.8972    0.5054    0.7463    0.3965    0.7343    0.3288    0.6850    0.4845    0.2916    0.7978    0.7727    0.1265
    0.1967    0.7614    0.0103    0.0616    0.0513    0.6538    0.5979    0.1518    0.6035    0.4876    0.6964    0.1343
    0.0934    0.6311    0.0484    0.7802    0.0729    0.7491    0.7894    0.7819    0.9644    0.7690    0.1253    0.0986
    0.3074    0.0899    0.6679    0.3376    0.0885    0.5832    0.3677    0.1006    0.4325    0.3960    0.1302    0.1420
    0.4561    0.0809    0.6035    0.6079    0.7984    0.7400    0.2060    0.2941    0.6948    0.2729    0.0924    0.1683
    0.1017    0.7772    0.5261    0.7413    0.9430    0.2348    0.0867    0.2374    0.7581    0.0372    0.0078    0.1962
    0.9954    0.9051    0.7297    0.1048    0.6837    0.7350    0.7719    0.5309    0.4326    0.6733    0.4231    0.3175
    0.3321    0.5338    0.7073    0.1279    0.1321    0.9706    0.2057    0.0915    0.6555    0.4296    0.6556    0.3164
    0.2973    0.1092    0.7814    0.5495    0.7227    0.8669    0.3883    0.4053    0.1098    0.4517    0.7229    0.2176
    0.0620    0.8258    0.2880    0.4852    0.1104    0.0862    0.5518    0.1048    0.9338    0.6099    0.5312    0.2510

matrix_multiply(A,B) result : 
    1.6877    3.3772    2.5146    2.5244    2.9664    2.9375    2.3553    1.5589    3.5532    2.2320    2.2430    1.4516
    2.0699    3.0244    2.7273    2.6200    3.1485    2.6086    2.6176    1.8465    3.1589    2.4899    2.1179    1.2968
    2.0171    3.1055    3.0660    2.9226    3.2074    3.3827    2.6809    1.7973    3.8467    2.6618    2.5564    1.5964
    2.8126    2.6533    3.5443    2.6456    3.4647    3.4475    2.6729    1.9587    2.9246    2.7027    2.2073    1.2862
    2.4667    2.7165    2.9785    2.2964    3.0361    3.1371    2.6414    1.8002    3.0402    2.7208    2.6198    1.3631
    2.8179    3.5681    3.2450    2.8469    3.5578    3.9134    3.4028    2.6116    3.8299    3.3502    2.9483    1.7469
    2.2428    1.7120    2.7231    2.5647    3.1902    2.7342    2.1968    1.8402    2.5450    2.1806    1.6043    1.1319
    2.5371    2.4758    3.3200    3.2263    3.7585    4.1074    3.1520    2.5151    3.4031    3.0587    2.6492    1.5935
    2.0040    3.1553    3.3192    3.5003    3.5385    3.6998    2.9545    2.4434    4.3822    3.1372    2.7113    1.6049
    1.6634    1.8672    2.3130    2.2878    2.6252    2.5959    1.9845    1.7253    2.2943    2.0017    1.7692    1.1105
    2.3670    2.6346    3.4761    2.8716    3.1160    4.3090    2.7622    2.0406    3.4609    2.8237    2.3457    1.4093
    1.5161    1.5651    1.8473    2.4369    2.9328    2.2952    1.7557    1.6850    2.4222    1.5411    0.9615    1.0209

A*B result : 
    1.6877    3.3772    2.5146    2.5244    2.9664    2.9375    2.3553    1.5589    3.5532    2.2320    2.2430    1.4516
    2.0699    3.0244    2.7273    2.6200    3.1485    2.6086    2.6176    1.8465    3.1589    2.4899    2.1179    1.2968
    2.0171    3.1055    3.0660    2.9226    3.2074    3.3827    2.6809    1.7973    3.8467    2.6618    2.5564    1.5964
    2.8126    2.6533    3.5443    2.6456    3.4647    3.4475    2.6729    1.9587    2.9246    2.7027    2.2073    1.2862
    2.4667    2.7165    2.9785    2.2964    3.0361    3.1371    2.6414    1.8002    3.0402    2.7208    2.6198    1.3631
    2.8179    3.5681    3.2450    2.8469    3.5578    3.9134    3.4028    2.6116    3.8299    3.3502    2.9483    1.7469
    2.2428    1.7120    2.7231    2.5647    3.1902    2.7342    2.1968    1.8402    2.5450    2.1806    1.6043    1.1319
    2.5371    2.4758    3.3200    3.2263    3.7585    4.1074    3.1520    2.5151    3.4031    3.0587    2.6492    1.5935
    2.0040    3.1553    3.3192    3.5003    3.5385    3.6998    2.9545    2.4434    4.3822    3.1372    2.7113    1.6049
    1.6634    1.8672    2.3130    2.2878    2.6252    2.5959    1.9845    1.7253    2.2943    2.0017    1.7692    1.1105
    2.3670    2.6346    3.4761    2.8716    3.1160    4.3090    2.7622    2.0406    3.4609    2.8237    2.3457    1.4093
    1.5161    1.5651    1.8473    2.4369    2.9328    2.2952    1.7557    1.6850    2.4222    1.5411    0.9615    1.0209

Error : 
   1.0e-15 *

         0         0         0         0    0.4441         0         0         0         0         0         0         0
         0    0.4441         0         0    0.4441         0    0.4441         0    0.4441         0    0.4441         0
         0         0         0         0         0         0         0         0         0         0         0         0
    0.4441    0.4441         0         0         0         0         0         0    0.4441         0         0    0.2220
         0    0.4441         0    0.4441         0    0.4441    0.4441         0         0         0         0         0
         0    0.4441    0.4441    0.4441         0         0         0         0    0.4441    0.4441         0    0.2220
         0         0    0.4441    0.4441         0         0         0    0.2220         0         0         0         0
         0         0         0    0.4441         0         0         0    0.4441         0    0.4441         0    0.2220
         0    0.4441    0.4441         0    0.8882    0.8882    0.4441    0.4441         0    0.4441         0         0
         0    0.2220         0         0    0.4441    0.4441    0.2220         0         0         0    0.2220         0
         0         0    0.8882         0         0         0    0.4441         0    0.4441         0         0    0.2220
    0.2220         0         0         0    0.4441    0.4441    0.2220    0.2220    0.4441    0.2220    0.1110    0.2220

RREF(A) result : 
     1     0     0     0     0     0     0     0     0     0     0     0
     0     1     0     0     0     0     0     0     0     0     0     0
     0     0     1     0     0     0     0     0     0     0     0     0
     0     0     0     1     0     0     0     0     0     0     0     0
     0     0     0     0     1     0     0     0     0     0     0     0
     0     0     0     0     0     1     0     0     0     0     0     0
     0     0     0     0     0     0     1     0     0     0     0     0
     0     0     0     0     0     0     0     1     0     0     0     0
     0     0     0     0     0     0     0     0     1     0     0     0
     0     0     0     0     0     0     0     0     0     1     0     0
     0     0     0     0     0     0     0     0     0     0     1     0
     0     0     0     0     0     0     0     0     0     0     0     1

rref(A) result : 
     1     0     0     0     0     0     0     0     0     0     0     0
     0     1     0     0     0     0     0     0     0     0     0     0
     0     0     1     0     0     0     0     0     0     0     0     0
     0     0     0     1     0     0     0     0     0     0     0     0
     0     0     0     0     1     0     0     0     0     0     0     0
     0     0     0     0     0     1     0     0     0     0     0     0
     0     0     0     0     0     0     1     0     0     0     0     0
     0     0     0     0     0     0     0     1     0     0     0     0
     0     0     0     0     0     0     0     0     1     0     0     0
     0     0     0     0     0     0     0     0     0     1     0     0
     0     0     0     0     0     0     0     0     0     0     1     0
     0     0     0     0     0     0     0     0     0     0     0     1

Error : 
     0     0     0     0     0     0     0     0     0     0     0     0
     0     0     0     0     0     0     0     0     0     0     0     0
     0     0     0     0     0     0     0     0     0     0     0     0
     0     0     0     0     0     0     0     0     0     0     0     0
     0     0     0     0     0     0     0     0     0     0     0     0
     0     0     0     0     0     0     0     0     0     0     0     0
     0     0     0     0     0     0     0     0     0     0     0     0
     0     0     0     0     0     0     0     0     0     0     0     0
     0     0     0     0     0     0     0     0     0     0     0     0
     0     0     0     0     0     0     0     0     0     0     0     0
     0     0     0     0     0     0     0     0     0     0     0     0
     0     0     0     0     0     0     0     0     0     0     0     0

RREF_solve(A,b) result : 
  -11.9712
   35.3208
  -13.3472
  -18.8247
  -21.8527
    5.1411
   -1.2258
    0.2949
   10.2969
    5.8089
    4.5814
    1.1276

A*x : 
    0.8929
    0.7032
    0.5557
    0.1844
    0.2120
    0.0773
    0.9138
    0.7067
    0.5578
    0.3134
    0.1662
    0.6225

Error : 
   1.0e-13 *

    0.0466
    0.5429
    0.5873
    0.6931
    0.9925
    0.5079
    0.6350
    0.1832
    0.5607
    0.1499
    0.6856
    0.2209

LU(A) result : 
    1.0000         0         0         0         0         0         0         0         0         0         0         0
    0.6589    1.0000         0         0         0         0         0         0         0         0         0         0
    1.0927    1.7048    1.0000         0         0         0         0         0         0         0         0         0
    0.8189   -1.5497   -3.8305    1.0000         0         0         0         0         0         0         0         0
    0.6851    1.0363   -0.5993   -0.1675    1.0000         0         0         0         0         0         0         0
    0.9585    2.9971    2.0040    0.0799   -1.5712    1.0000         0         0         0         0         0         0
    1.0333    0.2232   -1.3757    1.7181   -1.8437    1.6956    1.0000         0         0         0         0         0
    1.1625    1.7583    1.2870    0.6601   -2.0299    0.9392  -19.0639    1.0000         0         0         0         0
    0.0006    5.6010    5.6227   -1.2739   -1.3585    0.0518  -47.5487    2.4730    1.0000         0         0         0
    1.0173    0.3730   -0.6991    1.6893   -2.7098    1.9890   16.7911   -0.8339    0.0830    1.0000         0         0
    0.7201   -1.0107   -1.3227    0.3453   -1.2801   -0.6480  -41.5062    2.1242    0.2876   -0.4422    1.0000         0
    1.1637    0.3973    0.5032    1.7691   -3.2593    2.2135  -10.7090    0.6211    0.0577   -0.1395    2.0185    1.0000

    0.8507    0.5277    0.0835    0.8627    0.1231    0.1239    0.1057    0.9844    0.4671    0.8985    0.1781    0.7455
         0    0.1318    0.5710   -0.0842    0.1244    0.4087    0.0724    0.2103    0.3404   -0.4739    0.2423    0.2450
         0         0   -0.4037    0.0456   -0.2000    0.0208   -0.0725   -0.6486   -1.0655    0.8145   -0.5510   -0.6705
         0         0         0   -0.4527   -0.4852    1.4855    0.3690   -2.4515   -3.0943    2.1898   -1.3590   -2.6151
         0         0   -0.0000         0   -0.3717    0.0232    0.4447   -1.5141   -1.2707    1.4374   -0.5951   -1.0074
         0         0   -0.0000         0         0   -1.2592    0.5482   -2.0584   -0.2277    2.0098   -0.4434   -1.1790
         0         0    0.0000         0         0         0   -0.0376    3.0881    1.6830   -3.9341    1.2024    3.0215
         0         0    0.0000         0   -0.0000         0         0   58.7004   32.4379  -76.2600   24.0098   58.1683
         0         0    0.0000         0    0.0000         0         0         0   -1.7128    4.7084   -2.3037   -1.5308
    0.0000         0   -0.0000         0   -0.0000         0         0         0         0   -1.1328    1.4002    0.6866
    0.0000         0   -0.0000         0    0.0000    0.0000         0         0         0         0   -0.0909    0.5107
   -0.0000         0    0.0000         0   -0.0000   -0.0000         0         0         0         0    0.0000   -1.2388

L*U result : 
    0.8507    0.5277    0.0835    0.8627    0.1231    0.1239    0.1057    0.9844    0.4671    0.8985    0.1781    0.7455
    0.5606    0.4795    0.6260    0.4843    0.2055    0.4904    0.1420    0.8589    0.6482    0.1182    0.3596    0.7363
    0.9296    0.8013    0.6609    0.8449    0.1465    0.8530    0.1665    0.7856    0.0252    0.9884    0.0567    0.5619
    0.6967    0.2278    0.7298    0.2094    0.1891    0.8739    0.6210    0.5134    0.8422    0.5400    0.5219    0.1842
    0.5828    0.4981    0.8908    0.5523    0.0427    0.2703    0.5737    0.1776    0.5590    0.7069    0.3358    0.5972
    0.8154    0.9009    0.9823    0.6299    0.6352    0.2085    0.0521    0.3986    0.8541    0.9995    0.1757    0.2999
    0.8790    0.5747    0.7690    0.0320    0.2819    0.5650    0.9312    0.1339    0.3479    0.2878    0.2089    0.1341
    0.9889    0.8452    0.5814    0.6147    0.5386    0.6403    0.7287    0.0309    0.4460    0.4145    0.9052    0.2126
    0.0005    0.7386    0.9283    0.3624    0.6952    0.4170    0.7378    0.9391    0.0542    0.4648    0.6754    0.8949
    0.8654    0.5860    0.5801    0.0495    0.4991    0.2060    0.0634    0.3013    0.1771    0.7640    0.4685    0.0715
    0.6126    0.2467    0.0170    0.4896    0.5358    0.9479    0.8604    0.2955    0.6628    0.8182    0.9121    0.2425
    0.9900    0.6664    0.1209    0.1925    0.4452    0.0821    0.9344    0.3329    0.3308    0.1002    0.1040    0.0538

Error : 
   1.0e-13 *

         0         0         0         0         0         0         0         0         0         0         0         0
         0         0         0         0         0         0         0         0         0         0         0         0
         0         0         0         0         0         0         0         0    0.0011         0         0    0.0011
         0         0    0.0011         0         0         0    0.0011    0.0011    0.0011         0    0.0011         0
         0         0         0         0         0         0         0         0    0.0022    0.0022    0.0011         0
         0         0    0.0011         0    0.0011         0         0    0.0011         0    0.0022    0.0011    0.0011
         0         0    0.0011         0    0.0006    0.0033    0.0011    0.0011    0.0011    0.0033    0.0011         0
         0         0    0.0011         0         0    0.0011    0.0011    0.0033    0.0011    0.0111    0.0033    0.0022
         0         0    0.0033    0.0006    0.0011    0.0022    0.0011    0.1332    0.0333    0.2209    0.0488    0.1887
         0         0         0    0.0011    0.0011    0.0022         0    0.0056    0.0078    0.0100    0.0144    0.0078
         0         0         0    0.0006         0    0.0022    0.0011    0.0644    0.0111    0.1887    0.0322    0.0078
         0         0         0         0         0    0.0022         0    0.0056    0.0044    0.0022    0.0078    0.0289

LU_solve(A,b) result : 
  -11.9712
   35.3208
  -13.3472
  -18.8247
  -21.8527
    5.1411
   -1.2258
    0.2949
   10.2969
    5.8089
    4.5814
    1.1276

A*x : 
    0.8929
    0.7032
    0.5557
    0.1844
    0.2120
    0.0773
    0.9138
    0.7067
    0.5578
    0.3134
    0.1662
    0.6225

Error : 
   1.0e-12 *

    0.0014
    0.0029
    0.0014
    0.0111
    0.0037
    0.0007
    0.0062
    0.0907
    0.0399
    0.0452
    0.3521
    0.0259

QR(A) result : 
    0.3160   -0.1053   -0.3503    0.4537   -0.1299   -0.3365    0.0942    0.4028   -0.1842   -0.0043    0.4708   -0.0594
    0.2082    0.0765    0.1723    0.1790   -0.0407    0.0360   -0.1725    0.3605    0.5561   -0.4494   -0.1579    0.4362
    0.3453    0.1337   -0.0832    0.2899   -0.4103    0.5400   -0.3600   -0.0173   -0.1720    0.2884   -0.2560   -0.0616
    0.2588   -0.3123    0.5731    0.0622    0.2175    0.1104    0.0236    0.2494    0.0920    0.0119    0.0029   -0.6101
    0.2165    0.0790    0.4100    0.2712   -0.2588   -0.2849    0.4949   -0.2700   -0.3006   -0.1107   -0.3228    0.1801
    0.3029    0.3363    0.0956    0.0325    0.1536   -0.5091   -0.3024   -0.2716    0.3450    0.4639    0.0160   -0.0494
    0.3265   -0.0762    0.2612   -0.4161   -0.1770    0.2509    0.2257   -0.0058    0.0555    0.2768    0.5223    0.3854
    0.3674    0.1341   -0.1973   -0.0157    0.0459    0.1747    0.0306   -0.5586    0.1169   -0.5510    0.2677   -0.2708
    0.0002    0.8171    0.0782   -0.0418    0.2798    0.1822    0.2227    0.3347   -0.1885   -0.0302    0.0711   -0.0996
    0.3215   -0.0527    0.0649   -0.4278    0.1262   -0.2383   -0.4679    0.1268   -0.5464   -0.2651   -0.1173    0.1282
    0.2276   -0.2233   -0.1470    0.2769    0.7373    0.2324    0.1184   -0.1285   -0.1127    0.1617   -0.1223    0.3436
    0.3677   -0.0646   -0.4426   -0.4059   -0.0626   -0.0618    0.4006    0.2048    0.2144    0.0984   -0.4530   -0.1702

    2.6920    1.9709    1.7639    1.4642    1.1190    1.5155    1.5528    1.3951    1.4958    1.9604    1.2090    1.0707
         0    0.9035    1.0360    0.5010    0.6244    0.1127    0.2647    0.7127   -0.0289    0.4540    0.3612    0.8316
         0         0    1.0414   -0.1209   -0.0550    0.4933    0.1910    0.0740    0.5143    0.2330    0.2276    0.2063
         0         0         0    0.9045   -0.2215    0.4042   -0.2803    0.6435    0.3865    0.6865    0.1715    0.7343
         0         0         0         0    0.6427    0.5320    0.5658    0.1173    0.5367    0.3524    0.9112   -0.0050
         0         0         0         0         0    0.8457    0.5605    0.1135   -0.3549   -0.1837    0.2837    0.0464
         0         0         0         0         0         0    1.0516   -0.0910    0.1937   -0.2705    0.2154    0.2030
         0         0         0         0         0         0         0    1.0291    0.0205   -0.0056   -0.1251    0.5281
         0         0         0         0         0         0         0         0    0.4349   -0.5991   -0.1813   -0.0749
         0         0         0         0         0         0         0         0         0    0.3968   -0.5232   -0.1784
         0         0         0         0         0         0         0         0         0         0    0.0942    0.0317
         0         0         0         0         0         0         0         0         0         0         0    0.2109

Q*R result : 
    0.8507    0.5277    0.0835    0.8627    0.1231    0.1239    0.1057    0.9844    0.4671    0.8985    0.1781    0.7455
    0.5606    0.4795    0.6260    0.4843    0.2055    0.4904    0.1420    0.8589    0.6482    0.1182    0.3596    0.7363
    0.9296    0.8013    0.6609    0.8449    0.1465    0.8530    0.1665    0.7856    0.0252    0.9884    0.0567    0.5619
    0.6967    0.2278    0.7298    0.2094    0.1891    0.8739    0.6210    0.5134    0.8422    0.5400    0.5219    0.1842
    0.5828    0.4981    0.8908    0.5523    0.0427    0.2703    0.5737    0.1776    0.5590    0.7069    0.3358    0.5972
    0.8154    0.9009    0.9823    0.6299    0.6352    0.2085    0.0521    0.3986    0.8541    0.9995    0.1757    0.2999
    0.8790    0.5747    0.7690    0.0320    0.2819    0.5650    0.9312    0.1339    0.3479    0.2878    0.2089    0.1341
    0.9889    0.8452    0.5814    0.6147    0.5386    0.6403    0.7287    0.0309    0.4460    0.4145    0.9052    0.2126
    0.0005    0.7386    0.9283    0.3624    0.6952    0.4170    0.7378    0.9391    0.0542    0.4648    0.6754    0.8949
    0.8654    0.5860    0.5801    0.0495    0.4991    0.2060    0.0634    0.3013    0.1771    0.7640    0.4685    0.0715
    0.6126    0.2467    0.0170    0.4896    0.5358    0.9479    0.8604    0.2955    0.6628    0.8182    0.9121    0.2425
    0.9900    0.6664    0.1209    0.1925    0.4452    0.0821    0.9344    0.3329    0.3308    0.1002    0.1040    0.0538

Error : 
   1.0e-15 *

         0         0         0         0    0.0139         0         0         0         0         0         0         0
         0         0         0         0         0         0         0         0         0         0         0         0
         0         0         0         0         0         0         0         0         0         0         0         0
         0         0         0         0         0         0         0         0         0         0         0         0
         0         0         0         0         0         0         0         0         0         0         0         0
         0         0         0         0         0         0         0         0         0         0         0         0
         0         0         0         0         0         0         0         0         0         0         0         0
         0         0         0         0         0         0         0         0         0         0         0         0
         0         0         0         0         0         0         0         0         0         0         0         0
    0.1110         0         0         0         0         0         0         0         0         0         0         0
         0         0         0         0         0         0         0         0         0         0         0         0
         0         0         0         0         0         0         0         0         0         0         0         0

least_squares(A,b) result : 
  -11.9712
   35.3208
  -13.3472
  -18.8247
  -21.8527
    5.1411
   -1.2258
    0.2949
   10.2969
    5.8089
    4.5814
    1.1276

A*x : 
    0.8929
    0.7032
    0.5557
    0.1844
    0.2120
    0.0773
    0.9138
    0.7067
    0.5578
    0.3134
    0.1662
    0.6225

Error : 
   1.0e-13 *

    0.0588
    0.0611
    0.1099
    0.2978
    0.2642
    0.1649
    0.4319
    0.0677
    0.0078
    0.1055
    0.0677
    0.0622
